0 11.076420
1 21.076355
2 31.076378
3 41.076408
4 51.076412
5 61.076344
6 71.076431
7 81.076378
8 91.076439
9 101.076492
10 111.076485
11 121.076363
12 131.076431
13 141.076462
14 151.076569
15 161.076569
16 171.076477
17 -178.923691
18 -168.923630
19 -168.923630
20 -158.923691
21 -148.923645
22 -138.923660
23 -128.923721
24 -118.923729
25 -108.923637
26 -98.923569
27 -88.923660
28 -78.923630
29 -68.923607
30 -58.923557
31 -48.923687
32 -38.923534
33 -28.923576
34 -18.923666
35 -8.923609
36 1.076495
37 11.076335
