0 12.381382188468706
1 12.895950872043613
2 13.520175378595013
3 14.237494659493677
4 15.01969524123706
5 15.798541533586103
6 16.705993149604183
7 18.03336445929017
8 18.304583904566243
9 20.015794147155248
10 17.870452877657954
11 15.245524834725074
12 12.439669701037928
13 9.692574431479443
14 7.173048431344796
15 4.889404212357476
16 2.844889757456258
17 1.4146378824370913
18 0.8302307862904854
19 0.8302307862904854
20 1.2338795791729353
21 2.315169593435712
22 4.256773701461498
23 6.695725818863139
24 9.100895033683628
25 11.0866261368501
26 12.621188470511697
27 13.840117799001746
28 14.505098589579575
29 14.464138785435352
30 14.294254882959649
31 14.124476082099136
32 14.023167522216681
33 14.01079717016546
34 14.07107019808609
35 14.170702021219768
36 14.275185120292008
37 14.360795777058229
